-24.467
-0.33375
6.4046
-5.7445
5.2714
-3.4206
3.1185
-1.7231
1.8297
-0.77757
1.1263
-0.27067
0.74678
-0.0015682
0.54146
0.14009
0.42936
0.21357
0.36712
0.25058
0.33156
0.26809
0.31025
0.27516
0.29657
0.27667
0.28697
0.27518
0.27955
0.27211
0.2733
0.26818
0.26767
0.26379
0.26238
0.25916
0.25726
0.2544
0.25224
0.24957
0.24727
0.2447
0.24233
0.23981
0.2374
0.23491
0.23248
0.23001
0.22757
0.2251
0.22265
0.22019
0.21774
0.21528
0.21283
0.21037
0.20792
0.20546
0.20301
0.20055
0.1981
0.19564
0.19319
0.19073
0.18828
0.18582
0.18337
0.18091
0.17845
0.176
0.17354
0.17109
0.16863
0.16618
0.16372
0.16127
0.15881
0.15636
0.1539
0.15145
0.14899
0.14654
0.14408
0.14162
0.13917
0.13671
0.13426
0.1318
0.12935
0.12689
0.12444
0.12198
0.11953
0.11707
0.11462
0.11216
0.10971
0.10725
0.10479
0.10234
0.099884
0.097429
0.094973
0.092518
0.090063
0.087607
0.085152
0.082697
0.080241
0.077786
0.075331
0.072876
0.07042
0.067965
0.06551
0.063054
0.060599
0.058144
0.055688
0.053233
0.050778
0.048323
0.045867
0.043412
0.040957
0.038502
0.036046
0.033591
0.031136
0.02868
0.026225
0.02377
0.021315
0.018859
0.016404
0.013949
0.011494
0.0090383
0.0065831
0.0041278
0.0016726
-0.00078267
-0.0032379
-0.0056932
-0.0081484
-0.010604
-0.013059
-0.015514
-0.017969
-0.020425
-0.02288
-0.025335
-0.02779
-0.030246
-0.032701
-0.035156
-0.037611
-0.040066
-0.042522
-0.044977
-0.047432
-0.049887
-0.052343
-0.054798
-0.057253
-0.059708
-0.062163
-0.064619
-0.067074
-0.069529
-0.071984
-0.074439
-0.076895
-0.07935
-0.081805
